58
44
28
4
77
22
88
75
98
33
86
50
40
71
22
62
57
3
10
11
98
33
90
81
56
46
76
7
37
2
27
6
80
54
27
19
22
44
38
88
92
35
16
74
30
63
33
95
12
95
74
56
36
70
68
80
50
77
51
46
50
87
29
78
66
66
45
53
70
94
68
43
12
76
23
84
38
77
61
31
54
96
63
59
20
40
48
11
49
38
100
96
37
36
97
18
45
100
9
20
93
18
47
90
6
65
58
96
89
66
95
89
80
70
92
17
56
60
17
88
79
89
35
57
95
97
58
38
43
3
88
16
83
28
98
99
52
64
25
25
100
44
27
65
91
84
19
57
87
8
29
69
31
5
83
10
11
19
65
78
65
86
18
76
86
80
49
56
4
57
86
63
4
83
19
6
56
31
63
63
46
33
1
72
36
93
39
78
99
83
37
47
18
1
96
7
37
65
30
53
91
35
59
34
59
95
24
69
92
19
33
84
47
88
9
57
83
13
54
86
53
45
96
8
63
10
6
14
91
6
29
69
31
43
27
97
10
90
88
90
30
82
26
60
69
54
80
3
45
71
78
71
54
73
61
29
94
98
6
52
10
40
55
100
100
56
90
60
31
31
23
98
45
64
73
31
92
54
72
30
60
22
70
78
92
22
44
52
52
45
80
84
80
26
66
93
32
89
26
37
42
37
40
35
50
6
11
54
20
4
12
72
22
15
37
75
94
95
38
59
37
9
89
45
81
10
28
50
54
42
66
43
68
8
14
98
21
21
42
40
17
4
17
14
48
90
33
93
57
66
64
42
23
13
25
19
4
54
85
28
29
59
14
92
42
62
75
41
10
50
71
87
53
3
4
37
5
49
27
73
29
76
24
42
6
39
39
31
25
60
93
18
32
44
69
23
54
26
70
93
3
63
74
67
87
95
35
49
59
47
50
10
88
48
57
18
38
6
13
30
13
81
16
29
2
25
63
67
31
39
72
87
8
17
80
21
55
32
12
5
18
48
20
93
62
23
11
90
16
26
55
32
77
31
74
20
93
52
2
87
81
24
12
64
7
14
40
39
18
55
3
9
68
17
15
89
67
65
47
33
65
77
59
97
76
33
40
46
73
26
66
9
33
76
2
34
27
37
78
40
30
35
28
90
41
62
78
99
60
67
63
32
96
99
26
62
61
64
16
77
2
34
66
79
66
38
92
15
14
38
38
94
81
32
34
35
38
47
64
18
18
67
87
64
6
81
53
44
93
89
90
18
2
3
65
51
39
13
16
57
50
4
19
26
83
88
32
27
87
57
6
42
68
53
7
48
88
3
38
87
97
49
45
82
93
46
77
17
92
65
26
40
21
91
9
52
100
65
78
88
44
63
97
96
57
35
71
17
66
98
16
26
73
21
29
80
50
86
62
64
65
8
81
38
41
90
97
42
3
81
66
71
100
8
32
55
98
100
8
34
56
65
46
74
56
78
53
45
65
41
65
70
49
91
7
67
41
80
76
75
11
72
61
78
64
48
36
77
53
57
42
1
98
6
61
43
98
24
77
42
63
5
41
40
57
33
67
19
17
55
51
95
57
39
66
91
9
9
41
37
24
85
19
6
42
25
8
96
79
54
94
77
50
9
97
44
62
37
49
27
72
46
9
43
74
79
45
16
14
17
33
22
60
20
70
97
65
60
91
80
1
27
40
90
55
76
35
97
81
96
36
45
91
19
73
18
70
18
1
16
92
76
80
19
27
34
46
53
16
37
18
70
59
32
84
36
60
82
50
27
65
41
58
62
98
7
72
49
77
47
86
45
18
11
58
97
55
86
35
72
61
94
77
99
86
27
48
73
53
66
93
39
49
86
89
4
14
26
64
95
1
28
16
79
55
6
74
26
7
19
4
7
4
65
89
93
20
73
69
12
20
27
82
93
18
98
28
45
25
18
15
93
30
18
97
21
63
50
79
90
63
33
31
15
93
19
8
37
47
27
2
25
68
19
22
7
6
8
54
24
43
46
70
70
87
53
57
92
15
61
22
29
97
91
16
70
10
73
47
92
3
15
6
75
7
31
56
9
48
56
33
56
17
77
9
56
6
11
14
71
95
80
65
86
87
92
14
11
50
83
30
47
93
20
6
15
17
3
31
47
20
89
44
68
76
14
100
52
44
19
65
22
29
5
54
7
50
85
72
3
13
52
47
73
7
46
91
90
100
14
95
40
64
18
55
5
9
17
29
89
53
39
16
80
30
69
12
7
5
95
78
30
3
10
67
23
41
75
2
67